101 John 50000.00 1001
102 Alice 45000.00 1001
103 Bob 60000.00 1002
104 Sarah 55000.00 1002
105 Michael 70000.00 1002
106 Emma 48000.00 1003
107 David 63000.00 1003
108 Lisa 52000.00 0
109 Thomas 58000.00 0
110 Rachel 49000.00 0
111 Steven 75000.00 1004
112 Jessica 68000.00 1004
113 Kevin 62000.00 1005
114 Amanda 53000.00 1005
115 Daniel 67000.00 1005
116 Sophia 51000.00 1006
117 William 72000.00 1006
118 Olivia 59000.00 1007
119 James 64000.00 1007
120 Emily 54000.00 1008
121 Christopher 71000.00 1008
122 Ava 57000.00 1009
123 Matthew 66000.00 1009
124 Isabella 56000.00 1010
125 Andrew 69000.00 1010
